<?xml version="1.0"?>
<opencv_storage>
<camera_matrix type_id="opencv-matrix">
  <rows>3</rows>
  <cols>3</cols>
  <dt>d</dt>
  <data>
    487.2894087806946 0. 346.33749475893819 0. 489.66284703747067
    242.87483738666901 0. 0. 1.</data></camera_matrix>
<dist_coeffs type_id="opencv-matrix">
  <rows>5</rows>
  <cols>1</cols>
  <dt>d</dt>
  <data>
    -0.3823272509048774 0.24583511747327508 -0.00038301678629849628
    -0.00049724534005256911 -0.10488289326270246</data></dist_coeffs>
<rvec type_id="opencv-matrix">
  <rows>3</rows>
  <cols>1</cols>
  <dt>d</dt>
  <data>
    -1.2746615348947756 0.87574127260707524 0.64964949268900141</data></rvec>
<tvec type_id="opencv-matrix">
  <rows>3</rows>
  <cols>1</cols>
  <dt>d</dt>
  <data>
    -0.44565337317121706 0.78601264242685975 4.2352395850361342</data></tvec>
</opencv_storage>
