<?xml version="1.0"?>
<opencv_storage>
<camera_matrix type_id="opencv-matrix">
  <rows>3</rows>
  <cols>3</cols>
  <dt>d</dt>
  <data>
    534.61076102887728 0. 329.20523412358853 0. 540.08277579599894
    225.82821634089993 0. 0. 1.</data></camera_matrix>
<dist_coeffs type_id="opencv-matrix">
  <rows>5</rows>
  <cols>1</cols>
  <dt>d</dt>
  <data>
    -0.37752716609820974 0.089945426252648938 -0.0085534366147913248
    -0.0092294162576524851 0.16860091577883848</data></dist_coeffs>
<rvec type_id="opencv-matrix">
  <rows>3</rows>
  <cols>1</cols>
  <dt>d</dt>
  <data>
    -1.2073356111173945 -0.94012829826320898 -0.73645814952594246</data></rvec>
<tvec type_id="opencv-matrix">
  <rows>3</rows>
  <cols>1</cols>
  <dt>d</dt>
  <data>
    -0.10679615008497814 0.62835107365934961 3.5844110332602721</data></tvec>
</opencv_storage>
