<?xml version="1.0"?>
<opencv_storage>
<CameraMatrix type_id="opencv-matrix">
  <rows>3</rows>
  <cols>3</cols>
  <dt>d</dt>
  <data>
    490.46234951366216 0. 332.49698125470093 0. 493.22287818192245
    217.06736992897584 0. 0. 1.</data></CameraMatrix>
<DistortionCoeffs type_id="opencv-matrix">
  <rows>5</rows>
  <cols>1</cols>
  <dt>d</dt>
  <data>
    -0.36158738105464383 0.18184539027554861 0.00089177983451502283
    -5.0807061463828374e-05 -0.053482198615948204</data></DistortionCoeffs>
<rvec type_id="opencv-matrix">
  <rows>3</rows>
  <cols>1</cols>
  <dt>d</dt>
  <data>
    -1.2496957595256364 -0.91423946028358916 -0.73647345993139446</data></rvec>
<tvec type_id="opencv-matrix">
  <rows>3</rows>
  <cols>1</cols>
  <dt>d</dt>
  <data>
    -0.13552659599061256 0.69195508969823927 3.3378359430932947</data></tvec>
</opencv_storage>
