<?xml version="1.0"?>
<opencv_storage>
<camera_matrix type_id="opencv-matrix">
  <rows>3</rows>
  <cols>3</cols>
  <dt>d</dt>
  <data>
    485.69769876498538 0. 334.38042179289749 0. 487.40256808930951
    214.55888808844756 0. 0. 1.</data></camera_matrix>
<dist_coeffs type_id="opencv-matrix">
  <rows>5</rows>
  <cols>1</cols>
  <dt>d</dt>
  <data>
    -0.3651187762836266 0.19323653118167727 0.0020681481411931935
    -0.00022622395210101828 -0.066171481444130945</data></dist_coeffs>
<rvec type_id="opencv-matrix">
  <rows>3</rows>
  <cols>1</cols>
  <dt>d</dt>
  <data>
    -2.6497967948216816 -0.23889135695809899 -0.83833941467967388</data></rvec>
<tvec type_id="opencv-matrix">
  <rows>3</rows>
  <cols>1</cols>
  <dt>d</dt>
  <data>
    1.4357846041248015 1.6500876160905766 1.7584570135016824</data></tvec>
</opencv_storage>
