<?xml version="1.0"?>
<opencv_storage>
<camera_matrix type_id="opencv-matrix">
  <rows>3</rows>
  <cols>3</cols>
  <dt>d</dt>
  <data>
    490.46234951366216 0. 332.49698125470093 0. 493.22287818192245
    217.06736992897584 0. 0. 1.</data></camera_matrix>
<dist_coeffs type_id="opencv-matrix">
  <rows>5</rows>
  <cols>1</cols>
  <dt>d</dt>
  <data>
    -0.36158738105464383 0.18184539027554861 0.00089177983451502283
    -5.0807061463828374e-05 -0.053482198615948204</data></dist_coeffs>
<rvec type_id="opencv-matrix">
  <rows>3</rows>
  <cols>1</cols>
  <dt>d</dt>
  <data>
    -1.2342216920516271 -0.97291011756507995 -0.71040036371007498</data></rvec>
<tvec type_id="opencv-matrix">
  <rows>3</rows>
  <cols>1</cols>
  <dt>d</dt>
  <data>
    -0.14055739809980553 0.65218845868483655 3.1455846642805905</data></tvec>
</opencv_storage>
