<?xml version="1.0"?>
<opencv_storage>
<CameraMatrix type_id="opencv-matrix">
  <rows>3</rows>
  <cols>3</cols>
  <dt>d</dt>
  <data>
    490.46234951366216 0. 332.49698125470093 0. 493.22287818192245
    217.06736992897584 0. 0. 1.</data></CameraMatrix>
<DistortionCoeffs type_id="opencv-matrix">
  <rows>5</rows>
  <cols>1</cols>
  <dt>d</dt>
  <data>
    -0.36158738105464383 0.18184539027554861 0.00089177983451502283
    -5.0807061463828374e-05 -0.053482198615948204</data></DistortionCoeffs>
<rvec type_id="opencv-matrix">
  <rows>3</rows>
  <cols>1</cols>
  <dt>d</dt>
  <data>
    -0.01324586547246831 -0.40789001987636531 0.011862305211401284</data></rvec>
<tvec type_id="opencv-matrix">
  <rows>3</rows>
  <cols>1</cols>
  <dt>d</dt>
  <data>
    -0.5958350031802967 -0.18595999439650593 1.0751915213753684</data></tvec>
</opencv_storage>
