<?xml version="1.0"?>
<opencv_storage>
<CameraMatrix type_id="opencv-matrix">
  <rows>3</rows>
  <cols>3</cols>
  <dt>d</dt>
  <data>
    534.61076102887728 0. 329.20523412358853 0. 540.08277579599894
    225.82821634089993 0. 0. 1.</data></CameraMatrix>
<DistortionCoeffs type_id="opencv-matrix">
  <rows>5</rows>
  <cols>1</cols>
  <dt>d</dt>
  <data>
    -0.37752716609820974 0.089945426252648938 -0.0085534366147913248
    -0.0092294162576524851 0.16860091577883848</data></DistortionCoeffs>
</opencv_storage>
