<?xml version="1.0"?>
<opencv_storage>
<CameraMatrix type_id="opencv-matrix">
  <rows>3</rows>
  <cols>3</cols>
  <dt>d</dt>
  <data>
    489.411094218985 0. 319.33963183904541 0. 488.05010716078812
    229.23485609286729 0. 0. 1.</data></CameraMatrix>
<DistortionCoeffs type_id="opencv-matrix">
  <rows>5</rows>
  <cols>1</cols>
  <dt>d</dt>
  <data>
    -0.36661444780749941 0.18157873874946878 0.0019758499505665578
    0.00051897941394662527 -0.044262162354865797</data></DistortionCoeffs>
</opencv_storage>
