<?xml version="1.0"?>
<opencv_storage>
<CameraMatrix type_id="opencv-matrix">
  <rows>3</rows>
  <cols>3</cols>
  <dt>d</dt>
  <data>
    487.22293066959611 0. 327.40666387018763 0. 489.99903071844722
    216.15708326562773 0. 0. 1.</data></CameraMatrix>
<DistortionCoeffs type_id="opencv-matrix">
  <rows>5</rows>
  <cols>1</cols>
  <dt>d</dt>
  <data>
    -0.35009294133624447 0.13858336134219332 0.0015413254515858127
    -0.00029108971744853918 -0.013125741054419824</data></DistortionCoeffs>
<rvec type_id="opencv-matrix">
  <rows>3</rows>
  <cols>1</cols>
  <dt>d</dt>
  <data>
    -1.7384658792681718 -0.024427921306369567 0.026188712170153696</data></rvec>
<tvec type_id="opencv-matrix">
  <rows>3</rows>
  <cols>1</cols>
  <dt>d</dt>
  <data>
    -0.25146510032325503 1.6296088227970429 3.6203851463017771</data></tvec>
</opencv_storage>
